(kicad_pcb (version 20171130) (host pcbnew "(5.1.10)-1")

  (general
    (thickness 1.6)
    (drawings 16)
    (tracks 0)
    (zones 0)
    (modules 459)
    (nets 253)
  )

  (page A4)
  (layers
    (0 F.Cu signal)
    (31 B.Cu signal)
    (32 B.Adhes user)
    (33 F.Adhes user)
    (34 B.Paste user)
    (35 F.Paste user)
    (36 B.SilkS user)
    (37 F.SilkS user)
    (38 B.Mask user)
    (39 F.Mask user)
    (40 Dwgs.User user)
    (41 Cmts.User user)
    (42 Eco1.User user)
    (43 Eco2.User user)
    (44 Edge.Cuts user)
    (45 Margin user)
    (46 B.CrtYd user)
    (47 F.CrtYd user)
    (48 B.Fab user)
    (49 F.Fab user)
  )

  (setup
    (last_trace_width 0.25)
    (trace_clearance 0.2)
    (zone_clearance 0.508)
    (zone_45_only no)
    (trace_min 0.2)
    (via_size 0.8)
    (via_drill 0.4)
    (via_min_size 0.4)
    (via_min_drill 0.3)
    (uvia_size 0.3)
    (uvia_drill 0.1)
    (uvias_allowed no)
    (uvia_min_size 0.2)
    (uvia_min_drill 0.1)
    (edge_width 0.05)
    (segment_width 0.2)
    (pcb_text_width 0.3)
    (pcb_text_size 1.5 1.5)
    (mod_edge_width 0.12)
    (mod_text_size 1 1)
    (mod_text_width 0.15)
    (pad_size 1.524 1.524)
    (pad_drill 0.762)
    (pad_to_mask_clearance 0)
    (aux_axis_origin 0 0)
    (visible_elements 7FFFFFFF)
    (pcbplotparams
      (layerselection 0x010fc_ffffffff)
      (usegerberextensions false)
      (usegerberattributes true)
      (usegerberadvancedattributes true)
      (creategerberjobfile true)
      (excludeedgelayer true)
      (linewidth 0.100000)
      (plotframeref false)
      (viasonmask false)
      (mode 1)
      (useauxorigin false)
      (hpglpennumber 1)
      (hpglpenspeed 20)
      (hpglpendiameter 15.000000)
      (psnegative false)
      (psa4output false)
      (plotreference true)
      (plotvalue true)
      (plotinvisibletext false)
      (padsonsilk false)
      (subtractmaskfromsilk false)
      (outputformat 1)
      (mirror false)
      (drillshape 1)
      (scaleselection 1)
      (outputdirectory ""))
  )

  (net 0 "")
  (net 1 VDD_NPU)
  (net 2 GND)
  (net 3 VDD_GPU)
  (net 4 "Net-(C5-Pad2)")
  (net 5 "Net-(C6-Pad2)")
  (net 6 VDD_CPU)
  (net 7 VDD_LOGIC)
  (net 8 +3V3)
  (net 9 VCC_1V8)
  (net 10 VCC3V3_PMU)
  (net 11 VCC_DDR)
  (net 12 "Net-(C58-Pad1)")
  (net 13 "Net-(C59-Pad1)")
  (net 14 "Net-(C64-Pad2)")
  (net 15 "Net-(C65-Pad1)")
  (net 16 /RK809_CODEC/SPK_MINI_P)
  (net 17 /RK809_CODEC/SPK_MINI_N)
  (net 18 /AP6256_WIFI_BT/XTAL_IN)
  (net 19 /AP6256_WIFI_BT/XTAL_OUT)
  (net 20 "Net-(AE1-Pad1)")
  (net 21 /AP6256_WIFI_BT/ANT)
  (net 22 /AP6256_WIFI_BT/LPO)
  (net 23 VCCIO_W)
  (net 24 "Net-(C83-Pad1)")
  (net 25 "Net-(C84-Pad1)")
  (net 26 "Net-(C85-Pad1)")
  (net 27 /RESETn)
  (net 28 /RK3566_LPDDR3/LPDDR4_RESETn)
  (net 29 VCC0V6_DDR)
  (net 30 "Net-(C105-Pad1)")
  (net 31 VCC1V8_DDR)
  (net 32 "Net-(FB1-Pad2)")
  (net 33 /SATA1_RX+)
  (net 34 +5V)
  (net 35 +12V)
  (net 36 "Net-(L7-Pad1)")
  (net 37 "Net-(L9-Pad1)")
  (net 38 "Net-(L10-Pad1)")
  (net 39 "Net-(L11-Pad1)")
  (net 40 /RK809_IC_DCDC/FB3)
  (net 41 /PMIC_32KOUT_WIFI)
  (net 42 "Net-(R16-Pad2)")
  (net 43 "Net-(R17-Pad2)")
  (net 44 "Net-(R18-Pad2)")
  (net 45 "Net-(R19-Pad2)")
  (net 46 "Net-(R23-Pad1)")
  (net 47 "Net-(R24-Pad1)")
  (net 48 "Net-(R26-Pad2)")
  (net 49 /RK3566_LPDDR3/LPDDR4_CLKN_A)
  (net 50 /RK3566_LPDDR3/LPDDR4_CLKP_B)
  (net 51 /RK3566_LPDDR3/LPDDR4_A0_B)
  (net 52 /RK3566_LPDDR3/LPDDR4_ODT0_CA_B)
  (net 53 /RK3566_LPDDR3/LPDDR4_DQS0N_B)
  (net 54 /RK3566_LPDDR3/LPDDR4_DQS0P_B)
  (net 55 /RK3566_LPDDR3/LPDDR4_DQ12_B)
  (net 56 /RK3566_LPDDR3/LPDDR4_DQS1P_B)
  (net 57 /RK3566_LPDDR3/LPDDR4_DQ9_B)
  (net 58 /RK3566_LPDDR3/LPDDR4_DQ10_B)
  (net 59 /I2S1_MCLK_M0_RK809)
  (net 60 /RK3566_LPDDR3/LPDDR4_CS0n_A)
  (net 61 /RK3566_LPDDR3/LPDDR4_CKE0_A)
  (net 62 /RK3566_LPDDR3/LPDDR4_CLKP_A)
  (net 63 /RK3566_LPDDR3/LPDDR4_CLKN_B)
  (net 64 /RK3566_LPDDR3/LPDDR4_A5_B)
  (net 65 /RK3566_LPDDR3/LPDDR4_A1_B)
  (net 66 /RK3566_LPDDR3/LPDDR4_DQ1_B)
  (net 67 /RK3566_LPDDR3/LPDDR4_DQ0_B)
  (net 68 /RK3566_LPDDR3/LPDDR4_DQ4_B)
  (net 69 /RK3566_LPDDR3/LPDDR4_DQ13_B)
  (net 70 /RK3566_LPDDR3/LPDDR4_DQ15_B)
  (net 71 /RK3566_LPDDR3/LPDDR4_DQS1N_B)
  (net 72 /RK3566_LPDDR3/LPDDR4_DQ8_B)
  (net 73 /RK3566_LPDDR3/LPDDR4_DQ11_B)
  (net 74 /RK3566_LPDDR3/LPDDR4_A1_A)
  (net 75 /RK3566_LPDDR3/LPDDR4_A0_A)
  (net 76 /RK3566_LPDDR3/LPDDR4_DQ3_A)
  (net 77 /RK3566_LPDDR3/LPDDR4_ODT0_CA_A)
  (net 78 /RK3566_LPDDR3/LPDDR4_DQ2_A)
  (net 79 /RK3566_LPDDR3/LPDDR4_DQ1_A)
  (net 80 /RK3566_LPDDR3/LPDDR4_DQ0_A)
  (net 81 /RK3566_LPDDR3/LPDDR4_DQS0N_A)
  (net 82 /RK3566_LPDDR3/LPDDR4_DQS0P_A)
  (net 83 /RK3566_LPDDR3/LPDDR4_DQ5_A)
  (net 84 /RK3566_LPDDR3/LPDDR4_DQ6_A)
  (net 85 /RK3566_LPDDR3/LPDDR4_DQ12_A)
  (net 86 /RK3566_LPDDR3/LPDDR4_DQ4_A)
  (net 87 /RK3566_LPDDR3/LPDDR4_DQS1P_A)
  (net 88 /RK3566_LPDDR3/LPDDR4_DQS1N_A)
  (net 89 /RK3566_LPDDR3/LPDDR4_DQ8_A)
  (net 90 /RK3566_LPDDR3/LPDDR4_DQ9_A)
  (net 91 /RK3566_LPDDR3/LPDDR4_DQ10_A)
  (net 92 /RK3566_LPDDR3/LPDDR4_DQ11_A)
  (net 93 /HOST_WAKE_BT_H_GPIO2_C1)
  (net 94 "Net-(D1-Pad1)")
  (net 95 "Net-(D2-Pad1)")
  (net 96 /IPPS)
  (net 97 "Net-(Q1-Pad3)")
  (net 98 "Net-(Q2-Pad3)")
  (net 99 /STANDBY)
  (net 100 VCCA_1V8)
  (net 101 VDDA0V9_IMAGE)
  (net 102 VCCA1V8_PMU)
  (net 103 VDDA_0V9)
  (net 104 VCCA1V8_IMAGE)
  (net 105 VDDA0V9_PMU)
  (net 106 VCCIO_ACODEC)
  (net 107 VCC3V3_SD)
  (net 108 VCCIO_SD)
  (net 109 VCC_3V3)
  (net 110 "Net-(C61-Pad1)")
  (net 111 /RK890_IC_AUXILLARY/PMIC_PWRON)
  (net 112 "Net-(C66-Pad2)")
  (net 113 "Net-(C66-Pad1)")
  (net 114 "Net-(C67-Pad1)")
  (net 115 "Net-(C68-Pad1)")
  (net 116 "Net-(C69-Pad1)")
  (net 117 "Net-(C70-Pad1)")
  (net 118 "Net-(C71-Pad1)")
  (net 119 "Net-(C72-Pad1)")
  (net 120 /RK3566_PART_C/1N14)
  (net 121 /RK3566_PART_C/1P13)
  (net 122 /RK3566_PART_C/1P12)
  (net 123 /RK3566_PART_C/1P11)
  (net 124 /RK3566_PART_C/1N10)
  (net 125 /RK3566_PART_C/1R10)
  (net 126 /RK3566_PART_C/HDMI_TX_HPDIN)
  (net 127 VCC3V3_EXT)
  (net 128 /RK3566_PART_C/VCC5V_HDMI_TX)
  (net 129 "Net-(C178-Pad1)")
  (net 130 "Net-(C179-Pad2)")
  (net 131 /RF1)
  (net 132 /RF2)
  (net 133 /RK3566_PART_C/1H17)
  (net 134 /RK3566_PART_C/1G17)
  (net 135 "/RK3566_PART_C/DP TO HDMI/1.2v_FB")
  (net 136 "Net-(C193-Pad1)")
  (net 137 "/RK3566_PART_C/DP TO HDMI/TCLK")
  (net 138 "/RK3566_PART_C/DP TO HDMI/XTAL")
  (net 139 "Net-(C199-Pad1)")
  (net 140 +1V2)
  (net 141 "Net-(C204-Pad1)")
  (net 142 "/RK3566_PART_C/DP TO HDMI/VCC5V_HDMI_TX")
  (net 143 "Net-(C225-Pad1)")
  (net 144 /4G_MODULE/USM1_DATA)
  (net 145 "Net-(C235-Pad1)")
  (net 146 /4G_MODULE/USM_GND)
  (net 147 /4G_MODULE/USM1_VDD)
  (net 148 "Net-(C237-Pad1)")
  (net 149 VCCIO6)
  (net 150 /RECOVER)
  (net 151 "Net-(C247-Pad1)")
  (net 152 "Net-(C248-Pad1)")
  (net 153 "Net-(C249-Pad1)")
  (net 154 VCCIO_WL)
  (net 155 "Net-(C251-Pad1)")
  (net 156 "Net-(C252-Pad1)")
  (net 157 "Net-(D3-Pad1)")
  (net 158 "Net-(D4-Pad1)")
  (net 159 "Net-(D7-Pad1)")
  (net 160 "Net-(D8-Pad1)")
  (net 161 "Net-(D9-Pad1)")
  (net 162 "Net-(D13-Pad1)")
  (net 163 "Net-(D14-Pad1)")
  (net 164 "Net-(D15-Pad1)")
  (net 165 "Net-(D16-Pad1)")
  (net 166 "Net-(D17-Pad1)")
  (net 167 "Net-(D20-Pad1)")
  (net 168 "Net-(D22-Pad2)")
  (net 169 "Net-(D22-Pad1)")
  (net 170 /USB_OTG0_D+)
  (net 171 VBUS)
  (net 172 /USB_OTG0_D-)
  (net 173 "Net-(IC1-Pad5)")
  (net 174 "Net-(IC1-Pad6)")
  (net 175 "Net-(IC1-Pad7)")
  (net 176 GNDPWR)
  (net 177 /RK3566_PART_C/HDMI_TXCLKP_PORT+)
  (net 178 /RK3566_PART_C/HDMI_TX0N_PORT-)
  (net 179 /RK3566_PART_C/HDMI_TX0P_PORT+)
  (net 180 /RK3566_PART_C/HDMI_TX1N_PORT-)
  (net 181 /RK3566_PART_C/HDMI_TX1P_PORT+)
  (net 182 /RK3566_PART_C/HDMI_TX2N_PORT-)
  (net 183 /RK3566_PART_C/HDMI_TX2P_PORT+)
  (net 184 /RK3566_PART_C/HDMI_TXCLKN_PORT-)
  (net 185 /RK3566_PART_C/HDMI_TX_CEC_PORT)
  (net 186 /RK3566_PART_C/HDMI_TXDDC_SCL_PORT)
  (net 187 /RK3566_PART_C/HDMI_TXDDC_SDA_PORT)
  (net 188 /RK3566_PART_C/HDMI_TX_HPD_PORT)
  (net 189 /I2C2_SDA_M0_TP)
  (net 190 /I2C2_SCL_M0_TP)
  (net 191 /TP_RST_L_GPIO1_C2_DISPLAY_ONE)
  (net 192 /BL_EN_GPIO1_B7_DISPLAY_ONE)
  (net 193 /LCD_1_EN_GPIO1_B5_C7)
  (net 194 "/RK3566_PART_C/DP TO HDMI/HPD")
  (net 195 "/RK3566_PART_C/DP TO HDMI/DDC_DATA")
  (net 196 "/RK3566_PART_C/DP TO HDMI/DDC_CLK")
  (net 197 "/RK3566_PART_C/DP TO HDMI/CEC")
  (net 198 "/RK3566_PART_C/DP TO HDMI/TMDS_CLK-")
  (net 199 "/RK3566_PART_C/DP TO HDMI/TMDS_D2+")
  (net 200 "/RK3566_PART_C/DP TO HDMI/TMDS_D2-")
  (net 201 "/RK3566_PART_C/DP TO HDMI/TMDS_D1+")
  (net 202 "/RK3566_PART_C/DP TO HDMI/TMDS_D1-")
  (net 203 "/RK3566_PART_C/DP TO HDMI/TMDS_D0+")
  (net 204 "/RK3566_PART_C/DP TO HDMI/TMDS_D0-")
  (net 205 "/RK3566_PART_C/DP TO HDMI/TMDS_CLK+")
  (net 206 /RK809_IC_DCDC/SW2)
  (net 207 /RK809_IC_DCDC/SW1)
  (net 208 /RK809_IC_DCDC/SW5)
  (net 209 /RK809_IC_DCDC/SW4)
  (net 210 /RK809_IC_DCDC/SW3)
  (net 211 "Net-(L8-Pad1)")
  (net 212 "Net-(L13-Pad1)")
  (net 213 "Net-(L13-Pad2)")
  (net 214 "Net-(Q6-Pad3)")
  (net 215 "Net-(Q7-Pad3)")
  (net 216 "Net-(Q8-Pad3)")
  (net 217 "Net-(Q9-Pad3)")
  (net 218 "Net-(Q10-Pad1)")
  (net 219 /RK809_IC_DCDC/FB1)
  (net 220 /RK809_IC_DCDC/FB5)
  (net 221 "Net-(R10-Pad1)")
  (net 222 /RK890_IC_AUXILLARY/RST_KEY)
  (net 223 /PMIC_EXT_EN)
  (net 224 /NFC_SDA)
  (net 225 /I2C0_SCL_PMIC)
  (net 226 /I2C0_SDA_PMIC)
  (net 227 /ANTRDR_n)
  (net 228 /ANTRDR_p)
  (net 229 /NFC_SCL)
  (net 230 /NFC_WAKE)
  (net 231 "Net-(R66-Pad1)")
  (net 232 "Net-(R67-Pad1)")
  (net 233 "Net-(R78-Pad1)")
  (net 234 "Net-(R79-Pad2)")
  (net 235 "Net-(R80-Pad2)")
  (net 236 /4G_MODULE/USM1_RST)
  (net 237 /4G_MODULE/USM1_CLK)
  (net 238 /USB_OTG0_VBUSDET)
  (net 239 "Net-(R99-Pad1)")
  (net 240 /I2S1_SCLK_TX_M0_RK809)
  (net 241 /I2S1_LRCK_TX_M0_RK809)
  (net 242 /I2S1_SDO0_M0_RK809)
  (net 243 /NFC_REQ)
  (net 244 "Net-(U8-PadNC)")
  (net 245 "Net-(U9-PadNC)")
  (net 246 "Net-(U10-PadNC)")
  (net 247 "Net-(U14-PadNC)")
  (net 248 "Net-(U15-PadNC)")
  (net 249 "Net-(U16-PadNC)")
  (net 250 "Net-(U18-PadNC)")
  (net 251 "Net-(U20-PadNC)")
  (net 252 "Net-(C253-Pad1)")

  (net_class Default "This is the default net class."
    (clearance 0.2)
    (trace_width 0.25)
    (via_dia 0.8)
    (via_drill 0.4)
    (uvia_dia 0.3)
    (uvia_drill 0.1)
    (add_net +12V)
    (add_net +1V2)
    (add_net +3V3)
    (add_net +5V)
    (add_net /4G_MODULE/USM1_CLK)
    (add_net /4G_MODULE/USM1_DATA)
    (add_net /4G_MODULE/USM1_RST)
    (add_net /4G_MODULE/USM1_VDD)
    (add_net /4G_MODULE/USM_GND)
    (add_net /ANTRDR_n)
    (add_net /ANTRDR_p)
    (add_net /AP6256_WIFI_BT/ANT)
    (add_net /AP6256_WIFI_BT/LPO)
    (add_net /AP6256_WIFI_BT/XTAL_IN)
    (add_net /AP6256_WIFI_BT/XTAL_OUT)
    (add_net /BL_EN_GPIO1_B7_DISPLAY_ONE)
    (add_net /HOST_WAKE_BT_H_GPIO2_C1)
    (add_net /I2C0_SCL_PMIC)
    (add_net /I2C0_SDA_PMIC)
    (add_net /I2C2_SCL_M0_TP)
    (add_net /I2C2_SDA_M0_TP)
    (add_net /I2S1_LRCK_TX_M0_RK809)
    (add_net /I2S1_MCLK_M0_RK809)
    (add_net /I2S1_SCLK_TX_M0_RK809)
    (add_net /I2S1_SDO0_M0_RK809)
    (add_net /IPPS)
    (add_net /LCD_1_EN_GPIO1_B5_C7)
    (add_net /NFC_REQ)
    (add_net /NFC_SCL)
    (add_net /NFC_SDA)
    (add_net /NFC_WAKE)
    (add_net /PMIC_32KOUT_WIFI)
    (add_net /PMIC_EXT_EN)
    (add_net /RECOVER)
    (add_net /RESETn)
    (add_net /RF1)
    (add_net /RF2)
    (add_net /RK3566_LPDDR3/LPDDR4_A0_A)
    (add_net /RK3566_LPDDR3/LPDDR4_A0_B)
    (add_net /RK3566_LPDDR3/LPDDR4_A1_A)
    (add_net /RK3566_LPDDR3/LPDDR4_A1_B)
    (add_net /RK3566_LPDDR3/LPDDR4_A5_B)
    (add_net /RK3566_LPDDR3/LPDDR4_CKE0_A)
    (add_net /RK3566_LPDDR3/LPDDR4_CLKN_A)
    (add_net /RK3566_LPDDR3/LPDDR4_CLKN_B)
    (add_net /RK3566_LPDDR3/LPDDR4_CLKP_A)
    (add_net /RK3566_LPDDR3/LPDDR4_CLKP_B)
    (add_net /RK3566_LPDDR3/LPDDR4_CS0n_A)
    (add_net /RK3566_LPDDR3/LPDDR4_DQ0_A)
    (add_net /RK3566_LPDDR3/LPDDR4_DQ0_B)
    (add_net /RK3566_LPDDR3/LPDDR4_DQ10_A)
    (add_net /RK3566_LPDDR3/LPDDR4_DQ10_B)
    (add_net /RK3566_LPDDR3/LPDDR4_DQ11_A)
    (add_net /RK3566_LPDDR3/LPDDR4_DQ11_B)
    (add_net /RK3566_LPDDR3/LPDDR4_DQ12_A)
    (add_net /RK3566_LPDDR3/LPDDR4_DQ12_B)
    (add_net /RK3566_LPDDR3/LPDDR4_DQ13_B)
    (add_net /RK3566_LPDDR3/LPDDR4_DQ15_B)
    (add_net /RK3566_LPDDR3/LPDDR4_DQ1_A)
    (add_net /RK3566_LPDDR3/LPDDR4_DQ1_B)
    (add_net /RK3566_LPDDR3/LPDDR4_DQ2_A)
    (add_net /RK3566_LPDDR3/LPDDR4_DQ3_A)
    (add_net /RK3566_LPDDR3/LPDDR4_DQ4_A)
    (add_net /RK3566_LPDDR3/LPDDR4_DQ4_B)
    (add_net /RK3566_LPDDR3/LPDDR4_DQ5_A)
    (add_net /RK3566_LPDDR3/LPDDR4_DQ6_A)
    (add_net /RK3566_LPDDR3/LPDDR4_DQ8_A)
    (add_net /RK3566_LPDDR3/LPDDR4_DQ8_B)
    (add_net /RK3566_LPDDR3/LPDDR4_DQ9_A)
    (add_net /RK3566_LPDDR3/LPDDR4_DQ9_B)
    (add_net /RK3566_LPDDR3/LPDDR4_DQS0N_A)
    (add_net /RK3566_LPDDR3/LPDDR4_DQS0N_B)
    (add_net /RK3566_LPDDR3/LPDDR4_DQS0P_A)
    (add_net /RK3566_LPDDR3/LPDDR4_DQS0P_B)
    (add_net /RK3566_LPDDR3/LPDDR4_DQS1N_A)
    (add_net /RK3566_LPDDR3/LPDDR4_DQS1N_B)
    (add_net /RK3566_LPDDR3/LPDDR4_DQS1P_A)
    (add_net /RK3566_LPDDR3/LPDDR4_DQS1P_B)
    (add_net /RK3566_LPDDR3/LPDDR4_ODT0_CA_A)
    (add_net /RK3566_LPDDR3/LPDDR4_ODT0_CA_B)
    (add_net /RK3566_LPDDR3/LPDDR4_RESETn)
    (add_net /RK3566_PART_C/1G17)
    (add_net /RK3566_PART_C/1H17)
    (add_net /RK3566_PART_C/1N10)
    (add_net /RK3566_PART_C/1N14)
    (add_net /RK3566_PART_C/1P11)
    (add_net /RK3566_PART_C/1P12)
    (add_net /RK3566_PART_C/1P13)
    (add_net /RK3566_PART_C/1R10)
    (add_net "/RK3566_PART_C/DP TO HDMI/1.2v_FB")
    (add_net "/RK3566_PART_C/DP TO HDMI/CEC")
    (add_net "/RK3566_PART_C/DP TO HDMI/DDC_CLK")
    (add_net "/RK3566_PART_C/DP TO HDMI/DDC_DATA")
    (add_net "/RK3566_PART_C/DP TO HDMI/HPD")
    (add_net "/RK3566_PART_C/DP TO HDMI/TCLK")
    (add_net "/RK3566_PART_C/DP TO HDMI/TMDS_CLK+")
    (add_net "/RK3566_PART_C/DP TO HDMI/TMDS_CLK-")
    (add_net "/RK3566_PART_C/DP TO HDMI/TMDS_D0+")
    (add_net "/RK3566_PART_C/DP TO HDMI/TMDS_D0-")
    (add_net "/RK3566_PART_C/DP TO HDMI/TMDS_D1+")
    (add_net "/RK3566_PART_C/DP TO HDMI/TMDS_D1-")
    (add_net "/RK3566_PART_C/DP TO HDMI/TMDS_D2+")
    (add_net "/RK3566_PART_C/DP TO HDMI/TMDS_D2-")
    (add_net "/RK3566_PART_C/DP TO HDMI/VCC5V_HDMI_TX")
    (add_net "/RK3566_PART_C/DP TO HDMI/XTAL")
    (add_net /RK3566_PART_C/HDMI_TX0N_PORT-)
    (add_net /RK3566_PART_C/HDMI_TX0P_PORT+)
    (add_net /RK3566_PART_C/HDMI_TX1N_PORT-)
    (add_net /RK3566_PART_C/HDMI_TX1P_PORT+)
    (add_net /RK3566_PART_C/HDMI_TX2N_PORT-)
    (add_net /RK3566_PART_C/HDMI_TX2P_PORT+)
    (add_net /RK3566_PART_C/HDMI_TXCLKN_PORT-)
    (add_net /RK3566_PART_C/HDMI_TXCLKP_PORT+)
    (add_net /RK3566_PART_C/HDMI_TXDDC_SCL_PORT)
    (add_net /RK3566_PART_C/HDMI_TXDDC_SDA_PORT)
    (add_net /RK3566_PART_C/HDMI_TX_CEC_PORT)
    (add_net /RK3566_PART_C/HDMI_TX_HPDIN)
    (add_net /RK3566_PART_C/HDMI_TX_HPD_PORT)
    (add_net /RK3566_PART_C/VCC5V_HDMI_TX)
    (add_net /RK809_CODEC/SPK_MINI_N)
    (add_net /RK809_CODEC/SPK_MINI_P)
    (add_net /RK809_IC_DCDC/FB1)
    (add_net /RK809_IC_DCDC/FB3)
    (add_net /RK809_IC_DCDC/FB5)
    (add_net /RK809_IC_DCDC/SW1)
    (add_net /RK809_IC_DCDC/SW2)
    (add_net /RK809_IC_DCDC/SW3)
    (add_net /RK809_IC_DCDC/SW4)
    (add_net /RK809_IC_DCDC/SW5)
    (add_net /RK890_IC_AUXILLARY/PMIC_PWRON)
    (add_net /RK890_IC_AUXILLARY/RST_KEY)
    (add_net /SATA1_RX+)
    (add_net /STANDBY)
    (add_net /TP_RST_L_GPIO1_C2_DISPLAY_ONE)
    (add_net /USB_OTG0_D+)
    (add_net /USB_OTG0_D-)
    (add_net /USB_OTG0_VBUSDET)
    (add_net GND)
    (add_net GNDPWR)
    (add_net "Net-(AE1-Pad1)")
    (add_net "Net-(C105-Pad1)")
    (add_net "Net-(C178-Pad1)")
    (add_net "Net-(C179-Pad2)")
    (add_net "Net-(C193-Pad1)")
    (add_net "Net-(C199-Pad1)")
    (add_net "Net-(C204-Pad1)")
    (add_net "Net-(C225-Pad1)")
    (add_net "Net-(C235-Pad1)")
    (add_net "Net-(C237-Pad1)")
    (add_net "Net-(C247-Pad1)")
    (add_net "Net-(C248-Pad1)")
    (add_net "Net-(C249-Pad1)")
    (add_net "Net-(C251-Pad1)")
    (add_net "Net-(C252-Pad1)")
    (add_net "Net-(C253-Pad1)")
    (add_net "Net-(C5-Pad2)")
    (add_net "Net-(C58-Pad1)")
    (add_net "Net-(C59-Pad1)")
    (add_net "Net-(C6-Pad2)")
    (add_net "Net-(C61-Pad1)")
    (add_net "Net-(C64-Pad2)")
    (add_net "Net-(C65-Pad1)")
    (add_net "Net-(C66-Pad1)")
    (add_net "Net-(C66-Pad2)")
    (add_net "Net-(C67-Pad1)")
    (add_net "Net-(C68-Pad1)")
    (add_net "Net-(C69-Pad1)")
    (add_net "Net-(C70-Pad1)")
    (add_net "Net-(C71-Pad1)")
    (add_net "Net-(C72-Pad1)")
    (add_net "Net-(C83-Pad1)")
    (add_net "Net-(C84-Pad1)")
    (add_net "Net-(C85-Pad1)")
    (add_net "Net-(D1-Pad1)")
    (add_net "Net-(D13-Pad1)")
    (add_net "Net-(D14-Pad1)")
    (add_net "Net-(D15-Pad1)")
    (add_net "Net-(D16-Pad1)")
    (add_net "Net-(D17-Pad1)")
    (add_net "Net-(D2-Pad1)")
    (add_net "Net-(D20-Pad1)")
    (add_net "Net-(D22-Pad1)")
    (add_net "Net-(D22-Pad2)")
    (add_net "Net-(D3-Pad1)")
    (add_net "Net-(D4-Pad1)")
    (add_net "Net-(D7-Pad1)")
    (add_net "Net-(D8-Pad1)")
    (add_net "Net-(D9-Pad1)")
    (add_net "Net-(FB1-Pad2)")
    (add_net "Net-(IC1-Pad5)")
    (add_net "Net-(IC1-Pad6)")
    (add_net "Net-(IC1-Pad7)")
    (add_net "Net-(L10-Pad1)")
    (add_net "Net-(L11-Pad1)")
    (add_net "Net-(L13-Pad1)")
    (add_net "Net-(L13-Pad2)")
    (add_net "Net-(L7-Pad1)")
    (add_net "Net-(L8-Pad1)")
    (add_net "Net-(L9-Pad1)")
    (add_net "Net-(Q1-Pad3)")
    (add_net "Net-(Q10-Pad1)")
    (add_net "Net-(Q2-Pad3)")
    (add_net "Net-(Q6-Pad3)")
    (add_net "Net-(Q7-Pad3)")
    (add_net "Net-(Q8-Pad3)")
    (add_net "Net-(Q9-Pad3)")
    (add_net "Net-(R10-Pad1)")
    (add_net "Net-(R16-Pad2)")
    (add_net "Net-(R17-Pad2)")
    (add_net "Net-(R18-Pad2)")
    (add_net "Net-(R19-Pad2)")
    (add_net "Net-(R23-Pad1)")
    (add_net "Net-(R24-Pad1)")
    (add_net "Net-(R26-Pad2)")
    (add_net "Net-(R66-Pad1)")
    (add_net "Net-(R67-Pad1)")
    (add_net "Net-(R78-Pad1)")
    (add_net "Net-(R79-Pad2)")
    (add_net "Net-(R80-Pad2)")
    (add_net "Net-(R99-Pad1)")
    (add_net "Net-(U10-PadNC)")
    (add_net "Net-(U14-PadNC)")
    (add_net "Net-(U15-PadNC)")
    (add_net "Net-(U16-PadNC)")
    (add_net "Net-(U18-PadNC)")
    (add_net "Net-(U20-PadNC)")
    (add_net "Net-(U8-PadNC)")
    (add_net "Net-(U9-PadNC)")
    (add_net VBUS)
    (add_net VCC0V6_DDR)
    (add_net VCC1V8_DDR)
    (add_net VCC3V3_EXT)
    (add_net VCC3V3_PMU)
    (add_net VCC3V3_SD)
    (add_net VCCA1V8_IMAGE)
    (add_net VCCA1V8_PMU)
    (add_net VCCA_1V8)
    (add_net VCCIO6)
    (add_net VCCIO_ACODEC)
    (add_net VCCIO_SD)
    (add_net VCCIO_W)
    (add_net VCCIO_WL)
    (add_net VCC_1V8)
    (add_net VCC_3V3)
    (add_net VCC_DDR)
    (add_net VDDA0V9_IMAGE)
    (add_net VDDA0V9_PMU)
    (add_net VDDA_0V9)
    (add_net VDD_CPU)
    (add_net VDD_GPU)
    (add_net VDD_LOGIC)
    (add_net VDD_NPU)
  )

  (module Capacitor_SMD:C_0402_1005Metric (layer F.Cu) (tedit 5F68FEEE) (tstamp 61B7F399)
    (at 53.409001 173.831001)
    (descr "Capacitor SMD 0402 (1005 Metric), square (rectangular) end terminal, IPC_7351 nominal, (Body size source: IPC-SM-782 page 76, https://www.pcb-3d.com/wordpress/wp-content/uploads/ipc-sm-782a_amendment_1_and_2.pdf), generated with kicad-footprint-generator")
    (tags capacitor)
    (path /61C96F04/62291DD4)
    (attr smd)
    (fp_text reference C1 (at 0 -1.16) (layer F.SilkS)
      (effects (font (size 1 1) (thickness 0.15)))
    )
    (fp_text value 22uF (at 0 1.16) (layer F.Fab)
      (effects (font (size 1 1) (thickness 0.15)))
    )
    (fp_line (start -0.5 0.25) (end -0.5 -0.25) (layer F.Fab) (width 0.1))
    (fp_line (start -0.5 -0.25) (end 0.5 -0.25) (layer F.Fab) (width 0.1))
    (fp_line (start 0.5 -0.25) (end 0.5 0.25) (layer F.Fab) (width 0.1))
    (fp_line (start 0.5 0.25) (end -0.5 0.25) (layer F.Fab) (width 0.1))
    (fp_line (start -0.107836 -0.36) (end 0.107836 -0.36) (layer F.SilkS) (width 0.12))
    (fp_line (start -0.107836 0.36) (end 0.107836 0.36) (layer F.SilkS) (width 0.12))
    (fp_line (start -0.91 0.46) (end -0.91 -0.46) (layer F.CrtYd) (width 0.05))
    (fp_line (start -0.91 -0.46) (end 0.91 -0.46) (layer F.CrtYd) (width 0.05))
    (fp_line (start 0.91 -0.46) (end 0.91 0.46) (layer F.CrtYd) (width 0.05))
    (fp_line (start 0.91 0.46) (end -0.91 0.46) (layer F.CrtYd) (width 0.05))
    (fp_text user %R (at 0 0) (layer F.Fab)
      (effects (font (size 0.25 0.25) (thickness 0.04)))
    )
    (pad 1 smd roundrect (at -0.48 0) (size 0.56 0.62) (layers F.Cu F.Paste F.Mask) (roundrect_rratio 0.25)
      (net 1 VDD_NPU))
    (pad 2 smd roundrect (at 0.48 0) (size 0.56 0.62) (layers F.Cu F.Paste F.Mask) (roundrect_rratio 0.25)
      (net 2 GND))
    (model ${KISYS3DMOD}/Capacitor_SMD.3dshapes/C_0402_1005Metric.wrl
      (at (xyz 0 0 0))
      (scale (xyz 1 1 1))
      (rotate (xyz 0 0 0))
    )
  )

  (module Capacitor_SMD:C_0402_1005Metric (layer F.Cu) (tedit 5F68FEEE) (tstamp 61B7F3AA)
    (at 44.799001 177.771001)
    (descr "Capacitor SMD 0402 (1005 Metric), square (rectangular) end terminal, IPC_7351 nominal, (Body size source: IPC-SM-782 page 76, https://www.pcb-3d.com/wordpress/wp-content/uploads/ipc-sm-782a_amendment_1_and_2.pdf), generated with kicad-footprint-generator")
    (tags capacitor)
    (path /61C96F04/62267A92)
    (attr smd)
    (fp_text reference C2 (at 0 -1.16) (layer F.SilkS)
      (effects (font (size 1 1) (thickness 0.15)))
    )
    (fp_text value 22uF (at 0 1.16) (layer F.Fab)
      (effects (font (size 1 1) (thickness 0.15)))
    )
    (fp_line (start 0.91 0.46) (end -0.91 0.46) (layer F.CrtYd) (width 0.05))
    (fp_line (start 0.91 -0.46) (end 0.91 0.46) (layer F.CrtYd) (width 0.05))
    (fp_line (start -0.91 -0.46) (end 0.91 -0.46) (layer F.CrtYd) (width 0.05))
    (fp_line (start -0.91 0.46) (end -0.91 -0.46) (layer F.CrtYd) (width 0.05))
    (fp_line (start -0.107836 0.36) (end 0.107836 0.36) (layer F.SilkS) (width 0.12))
    (fp_line (start -0.107836 -0.36) (end 0.107836 -0.36) (layer F.SilkS) (width 0.12))
    (fp_line (start 0.5 0.25) (end -0.5 0.25) (layer F.Fab) (width 0.1))
    (fp_line (start 0.5 -0.25) (end 0.5 0.25) (layer F.Fab) (width 0.1))
    (fp_line (start -0.5 -0.25) (end 0.5 -0.25) (layer F.Fab) (width 0.1))
    (fp_line (start -0.5 0.25) (end -0.5 -0.25) (layer F.Fab) (width 0.1))
    (fp_text user %R (at 0 0) (layer F.Fab)
      (effects (font (size 0.25 0.25) (thickness 0.04)))
    )
    (pad 2 smd roundrect (at 0.48 0) (size 0.56 0.62) (layers F.Cu F.Paste F.Mask) (roundrect_rratio 0.25)
      (net 2 GND))
    (pad 1 smd roundrect (at -0.48 0) (size 0.56 0.62) (layers F.Cu F.Paste F.Mask) (roundrect_rratio 0.25)
      (net 3 VDD_GPU))
    (model ${KISYS3DMOD}/Capacitor_SMD.3dshapes/C_0402_1005Metric.wrl
      (at (xyz 0 0 0))
      (scale (xyz 1 1 1))
      (rotate (xyz 0 0 0))
    )
  )

  (module Capacitor_SMD:C_0402_1005Metric (layer F.Cu) (tedit 5F68FEEE) (tstamp 61B7F3BB)
    (at 41.929001 179.741001)
    (descr "Capacitor SMD 0402 (1005 Metric), square (rectangular) end terminal, IPC_7351 nominal, (Body size source: IPC-SM-782 page 76, https://www.pcb-3d.com/wordpress/wp-content/uploads/ipc-sm-782a_amendment_1_and_2.pdf), generated with kicad-footprint-generator")
    (tags capacitor)
    (path /61C96F04/62291DCA)
    (attr smd)
    (fp_text reference C3 (at 0 -1.16) (layer F.SilkS)
      (effects (font (size 1 1) (thickness 0.15)))
    )
    (fp_text value 10uF (at 0 1.16) (layer F.Fab)
      (effects (font (size 1 1) (thickness 0.15)))
    )
    (fp_line (start -0.5 0.25) (end -0.5 -0.25) (layer F.Fab) (width 0.1))
    (fp_line (start -0.5 -0.25) (end 0.5 -0.25) (layer F.Fab) (width 0.1))
    (fp_line (start 0.5 -0.25) (end 0.5 0.25) (layer F.Fab) (width 0.1))
    (fp_line (start 0.5 0.25) (end -0.5 0.25) (layer F.Fab) (width 0.1))
    (fp_line (start -0.107836 -0.36) (end 0.107836 -0.36) (layer F.SilkS) (width 0.12))
    (fp_line (start -0.107836 0.36) (end 0.107836 0.36) (layer F.SilkS) (width 0.12))
    (fp_line (start -0.91 0.46) (end -0.91 -0.46) (layer F.CrtYd) (width 0.05))
    (fp_line (start -0.91 -0.46) (end 0.91 -0.46) (layer F.CrtYd) (width 0.05))
    (fp_line (start 0.91 -0.46) (end 0.91 0.46) (layer F.CrtYd) (width 0.05))
    (fp_line (start 0.91 0.46) (end -0.91 0.46) (layer F.CrtYd) (width 0.05))
    (fp_text user %R (at 0 0) (layer F.Fab)
      (effects (font (size 0.25 0.25) (thickness 0.04)))
    )
    (pad 1 smd roundrect (at -0.48 0) (size 0.56 0.62) (layers F.Cu F.Paste F.Mask) (roundrect_rratio 0.25)
      (net 1 VDD_NPU))
    (pad 2 smd roundrect (at 0.48 0) (size 0.56 0.62) (layers F.Cu F.Paste F.Mask) (roundrect_rratio 0.25)
      (net 2 GND))
    (model ${KISYS3DMOD}/Capacitor_SMD.3dshapes/C_0402_1005Metric.wrl
      (at (xyz 0 0 0))
      (scale (xyz 1 1 1))
      (rotate (xyz 0 0 0))
    )
  )

  (module Capacitor_SMD:C_0402_1005Metric (layer F.Cu) (tedit 5F68FEEE) (tstamp 61B7F3CC)
    (at 50.539001 171.861001)
    (descr "Capacitor SMD 0402 (1005 Metric), square (rectangular) end terminal, IPC_7351 nominal, (Body size source: IPC-SM-782 page 76, https://www.pcb-3d.com/wordpress/wp-content/uploads/ipc-sm-782a_amendment_1_and_2.pdf), generated with kicad-footprint-generator")
    (tags capacitor)
    (path /61C96F04/62267A88)
    (attr smd)
    (fp_text reference C4 (at 0 -1.16) (layer F.SilkS)
      (effects (font (size 1 1) (thickness 0.15)))
    )
    (fp_text value 10uF (at 0 1.16) (layer F.Fab)
      (effects (font (size 1 1) (thickness 0.15)))
    )
    (fp_line (start -0.5 0.25) (end -0.5 -0.25) (layer F.Fab) (width 0.1))
    (fp_line (start -0.5 -0.25) (end 0.5 -0.25) (layer F.Fab) (width 0.1))
    (fp_line (start 0.5 -0.25) (end 0.5 0.25) (layer F.Fab) (width 0.1))
    (fp_line (start 0.5 0.25) (end -0.5 0.25) (layer F.Fab) (width 0.1))
    (fp_line (start -0.107836 -0.36) (end 0.107836 -0.36) (layer F.SilkS) (width 0.12))
    (fp_line (start -0.107836 0.36) (end 0.107836 0.36) (layer F.SilkS) (width 0.12))
    (fp_line (start -0.91 0.46) (end -0.91 -0.46) (layer F.CrtYd) (width 0.05))
    (fp_line (start -0.91 -0.46) (end 0.91 -0.46) (layer F.CrtYd) (width 0.05))
    (fp_line (start 0.91 -0.46) (end 0.91 0.46) (layer F.CrtYd) (width 0.05))
    (fp_line (start 0.91 0.46) (end -0.91 0.46) (layer F.CrtYd) (width 0.05))
    (fp_text user %R (at 0 0) (layer F.Fab)
      (effects (font (size 0.25 0.25) (thickness 0.04)))
    )
    (pad 1 smd roundrect (at -0.48 0) (size 0.56 0.62) (layers F.Cu F.Paste F.Mask) (roundrect_rratio 0.25)
      (net 3 VDD_GPU))
    (pad 2 smd roundrect (at 0.48 0) (size 0.56 0.62) (layers F.Cu F.Paste F.Mask) (roundrect_rratio 0.25)
      (net 2 GND))
    (model ${KISYS3DMOD}/Capacitor_SMD.3dshapes/C_0402_1005Metric.wrl
      (at (xyz 0 0 0))
      (scale (xyz 1 1 1))
      (rotate (xyz 0 0 0))
    )
  )

  (module Capacitor_SMD:C_0402_1005Metric (layer F.Cu) (tedit 5F68FEEE) (tstamp 61B7F3DD)
    (at 47.669001 173.831001)
    (descr "Capacitor SMD 0402 (1005 Metric), square (rectangular) end terminal, IPC_7351 nominal, (Body size source: IPC-SM-782 page 76, https://www.pcb-3d.com/wordpress/wp-content/uploads/ipc-sm-782a_amendment_1_and_2.pdf), generated with kicad-footprint-generator")
    (tags capacitor)
    (path /61C96F04/62291DBF)
    (attr smd)
    (fp_text reference C5 (at 0 -1.16) (layer F.SilkS)
      (effects (font (size 1 1) (thickness 0.15)))
    )
    (fp_text value 22uF (at 0 1.16) (layer F.Fab)
      (effects (font (size 1 1) (thickness 0.15)))
    )
    (fp_line (start 0.91 0.46) (end -0.91 0.46) (layer F.CrtYd) (width 0.05))
    (fp_line (start 0.91 -0.46) (end 0.91 0.46) (layer F.CrtYd) (width 0.05))
    (fp_line (start -0.91 -0.46) (end 0.91 -0.46) (layer F.CrtYd) (width 0.05))
    (fp_line (start -0.91 0.46) (end -0.91 -0.46) (layer F.CrtYd) (width 0.05))
    (fp_line (start -0.107836 0.36) (end 0.107836 0.36) (layer F.SilkS) (width 0.12))
    (fp_line (start -0.107836 -0.36) (end 0.107836 -0.36) (layer F.SilkS) (width 0.12))
    (fp_line (start 0.5 0.25) (end -0.5 0.25) (layer F.Fab) (width 0.1))
    (fp_line (start 0.5 -0.25) (end 0.5 0.25) (layer F.Fab) (width 0.1))
    (fp_line (start -0.5 -0.25) (end 0.5 -0.25) (layer F.Fab) (width 0.1))
    (fp_line (start -0.5 0.25) (end -0.5 -0.25) (layer F.Fab) (width 0.1))
    (fp_text user %R (at 0 0) (layer F.Fab)
      (effects (font (size 0.25 0.25) (thickness 0.04)))
    )
    (pad 2 smd roundrect (at 0.48 0) (size 0.56 0.62) (layers F.Cu F.Paste F.Mask) (roundrect_rratio 0.25)
      (net 4 "Net-(C5-Pad2)"))
    (pad 1 smd roundrect (at -0.48 0) (size 0.56 0.62) (layers F.Cu F.Paste F.Mask) (roundrect_rratio 0.25)
      (net 1 VDD_NPU))
    (model ${KISYS3DMOD}/Capacitor_SMD.3dshapes/C_0402_1005Metric.wrl
      (at (xyz 0 0 0))
      (scale (xyz 1 1 1))
      (rotate (xyz 0 0 0))
    )
  )

  (module Capacitor_SMD:C_0402_1005Metric (layer F.Cu) (tedit 5F68FEEE) (tstamp 61B7F3EE)
    (at 44.799001 175.801001)
    (descr "Capacitor SMD 0402 (1005 Metric), square (rectangular) end terminal, IPC_7351 nominal, (Body size source: IPC-SM-782 page 76, https://www.pcb-3d.com/wordpress/wp-content/uploads/ipc-sm-782a_amendment_1_and_2.pdf), generated with kicad-footprint-generator")
    (tags capacitor)
    (path /61C96F04/62264C6A)
    (attr smd)
    (fp_text reference C6 (at 0 -1.16) (layer F.SilkS)
      (effects (font (size 1 1) (thickness 0.15)))
    )
    (fp_text value 22uF (at 0 1.16) (layer F.Fab)
      (effects (font (size 1 1) (thickness 0.15)))
    )
    (fp_line (start 0.91 0.46) (end -0.91 0.46) (layer F.CrtYd) (width 0.05))
    (fp_line (start 0.91 -0.46) (end 0.91 0.46) (layer F.CrtYd) (width 0.05))
    (fp_line (start -0.91 -0.46) (end 0.91 -0.46) (layer F.CrtYd) (width 0.05))
    (fp_line (start -0.91 0.46) (end -0.91 -0.46) (layer F.CrtYd) (width 0.05))
    (fp_line (start -0.107836 0.36) (end 0.107836 0.36) (layer F.SilkS) (width 0.12))
    (fp_line (start -0.107836 -0.36) (end 0.107836 -0.36) (layer F.SilkS) (width 0.12))
    (fp_line (start 0.5 0.25) (end -0.5 0.25) (layer F.Fab) (width 0.1))
    (fp_line (start 0.5 -0.25) (end 0.5 0.25) (layer F.Fab) (width 0.1))
    (fp_line (start -0.5 -0.25) (end 0.5 -0.25) (layer F.Fab) (width 0.1))
    (fp_line (start -0.5 0.25) (end -0.5 -0.25) (layer F.Fab) (width 0.1))
    (fp_text user %R (at 0 0) (layer F.Fab)
      (effects (font (size 0.25 0.25) (thickness 0.04)))
    )
    (pad 2 smd roundrect (at 0.48 0) (size 0.56 0.62) (layers F.Cu F.Paste F.Mask) (roundrect_rratio 0.25)
      (net 5 "Net-(C6-Pad2)"))
    (pad 1 smd roundrect (at -0.48 0) (size 0.56 0.62) (layers F.Cu F.Paste F.Mask) (roundrect_rratio 0.25)
      (net 3 VDD_GPU))
    (model ${KISYS3DMOD}/Capacitor_SMD.3dshapes/C_0402_1005Metric.wrl
      (at (xyz 0 0 0))
      (scale (xyz 1 1 1))
      (rotate (xyz 0 0 0))
    )
  )

  (module Capacitor_SMD:C_0402_1005Metric (layer F.Cu) (tedit 5F68FEEE) (tstamp 61B7F3FF)
    (at 41.929001 177.771001)
    (descr "Capacitor SMD 0402 (1005 Metric), square (rectangular) end terminal, IPC_7351 nominal, (Body size source: IPC-SM-782 page 76, https://www.pcb-3d.com/wordpress/wp-content/uploads/ipc-sm-782a_amendment_1_and_2.pdf), generated with kicad-footprint-generator")
    (tags capacitor)
    (path /61C96F04/62261EEE)
    (attr smd)
    (fp_text reference C7 (at 0 -1.16) (layer F.SilkS)
      (effects (font (size 1 1) (thickness 0.15)))
    )
    (fp_text value 4.7uF (at 0 1.16) (layer F.Fab)
      (effects (font (size 1 1) (thickness 0.15)))
    )
    (fp_line (start -0.5 0.25) (end -0.5 -0.25) (layer F.Fab) (width 0.1))
    (fp_line (start -0.5 -0.25) (end 0.5 -0.25) (layer F.Fab) (width 0.1))
    (fp_line (start 0.5 -0.25) (end 0.5 0.25) (layer F.Fab) (width 0.1))
    (fp_line (start 0.5 0.25) (end -0.5 0.25) (layer F.Fab) (width 0.1))
    (fp_line (start -0.107836 -0.36) (end 0.107836 -0.36) (layer F.SilkS) (width 0.12))
    (fp_line (start -0.107836 0.36) (end 0.107836 0.36) (layer F.SilkS) (width 0.12))
    (fp_line (start -0.91 0.46) (end -0.91 -0.46) (layer F.CrtYd) (width 0.05))
    (fp_line (start -0.91 -0.46) (end 0.91 -0.46) (layer F.CrtYd) (width 0.05))
    (fp_line (start 0.91 -0.46) (end 0.91 0.46) (layer F.CrtYd) (width 0.05))
    (fp_line (start 0.91 0.46) (end -0.91 0.46) (layer F.CrtYd) (width 0.05))
    (fp_text user %R (at 0 0) (layer F.Fab)
      (effects (font (size 0.25 0.25) (thickness 0.04)))
    )
    (pad 1 smd roundrect (at -0.48 0) (size 0.56 0.62) (layers F.Cu F.Paste F.Mask) (roundrect_rratio 0.25)
      (net 3 VDD_GPU))
    (pad 2 smd roundrect (at 0.48 0) (size 0.56 0.62) (layers F.Cu F.Paste F.Mask) (roundrect_rratio 0.25)
      (net 5 "Net-(C6-Pad2)"))
    (model ${KISYS3DMOD}/Capacitor_SMD.3dshapes/C_0402_1005Metric.wrl
      (at (xyz 0 0 0))
      (scale (xyz 1 1 1))
      (rotate (xyz 0 0 0))
    )
  )

  (module Capacitor_SMD:C_0402_1005Metric (layer F.Cu) (tedit 5F68FEEE) (tstamp 61B7F410)
    (at 47.669001 171.861001)
    (descr "Capacitor SMD 0402 (1005 Metric), square (rectangular) end terminal, IPC_7351 nominal, (Body size source: IPC-SM-782 page 76, https://www.pcb-3d.com/wordpress/wp-content/uploads/ipc-sm-782a_amendment_1_and_2.pdf), generated with kicad-footprint-generator")
    (tags capacitor)
    (path /61C96F04/62291DAA)
    (attr smd)
    (fp_text reference C8 (at 0 -1.16) (layer F.SilkS)
      (effects (font (size 1 1) (thickness 0.15)))
    )
    (fp_text value 100nF (at 0 1.16) (layer F.Fab)
      (effects (font (size 1 1) (thickness 0.15)))
    )
    (fp_line (start -0.5 0.25) (end -0.5 -0.25) (layer F.Fab) (width 0.1))
    (fp_line (start -0.5 -0.25) (end 0.5 -0.25) (layer F.Fab) (width 0.1))
    (fp_line (start 0.5 -0.25) (end 0.5 0.25) (layer F.Fab) (width 0.1))
    (fp_line (start 0.5 0.25) (end -0.5 0.25) (layer F.Fab) (width 0.1))
    (fp_line (start -0.107836 -0.36) (end 0.107836 -0.36) (layer F.SilkS) (width 0.12))
    (fp_line (start -0.107836 0.36) (end 0.107836 0.36) (layer F.SilkS) (width 0.12))
    (fp_line (start -0.91 0.46) (end -0.91 -0.46) (layer F.CrtYd) (width 0.05))
    (fp_line (start -0.91 -0.46) (end 0.91 -0.46) (layer F.CrtYd) (width 0.05))
    (fp_line (start 0.91 -0.46) (end 0.91 0.46) (layer F.CrtYd) (width 0.05))
    (fp_line (start 0.91 0.46) (end -0.91 0.46) (layer F.CrtYd) (width 0.05))
    (fp_text user %R (at 0 0) (layer F.Fab)
      (effects (font (size 0.25 0.25) (thickness 0.04)))
    )
    (pad 1 smd roundrect (at -0.48 0) (size 0.56 0.62) (layers F.Cu F.Paste F.Mask) (roundrect_rratio 0.25)
      (net 1 VDD_NPU))
    (pad 2 smd roundrect (at 0.48 0) (size 0.56 0.62) (layers F.Cu F.Paste F.Mask) (roundrect_rratio 0.25)
      (net 4 "Net-(C5-Pad2)"))
    (model ${KISYS3DMOD}/Capacitor_SMD.3dshapes/C_0402_1005Metric.wrl
      (at (xyz 0 0 0))
      (scale (xyz 1 1 1))
      (rotate (xyz 0 0 0))
    )
  )

  (module Capacitor_SMD:C_0402_1005Metric (layer F.Cu) (tedit 5F68FEEE) (tstamp 61B7F421)
    (at 44.799001 173.831001)
    (descr "Capacitor SMD 0402 (1005 Metric), square (rectangular) end terminal, IPC_7351 nominal, (Body size source: IPC-SM-782 page 76, https://www.pcb-3d.com/wordpress/wp-content/uploads/ipc-sm-782a_amendment_1_and_2.pdf), generated with kicad-footprint-generator")
    (tags capacitor)
    (path /61C96F04/6225F544)
    (attr smd)
    (fp_text reference C9 (at 0 -1.16) (layer F.SilkS)
      (effects (font (size 1 1) (thickness 0.15)))
    )
    (fp_text value 100nF (at 0 1.16) (layer F.Fab)
      (effects (font (size 1 1) (thickness 0.15)))
    )
    (fp_line (start 0.91 0.46) (end -0.91 0.46) (layer F.CrtYd) (width 0.05))
    (fp_line (start 0.91 -0.46) (end 0.91 0.46) (layer F.CrtYd) (width 0.05))
    (fp_line (start -0.91 -0.46) (end 0.91 -0.46) (layer F.CrtYd) (width 0.05))
    (fp_line (start -0.91 0.46) (end -0.91 -0.46) (layer F.CrtYd) (width 0.05))
    (fp_line (start -0.107836 0.36) (end 0.107836 0.36) (layer F.SilkS) (width 0.12))
    (fp_line (start -0.107836 -0.36) (end 0.107836 -0.36) (layer F.SilkS) (width 0.12))
    (fp_line (start 0.5 0.25) (end -0.5 0.25) (layer F.Fab) (width 0.1))
    (fp_line (start 0.5 -0.25) (end 0.5 0.25) (layer F.Fab) (width 0.1))
    (fp_line (start -0.5 -0.25) (end 0.5 -0.25) (layer F.Fab) (width 0.1))
    (fp_line (start -0.5 0.25) (end -0.5 -0.25) (layer F.Fab) (width 0.1))
    (fp_text user %R (at 0 0) (layer F.Fab)
      (effects (font (size 0.25 0.25) (thickness 0.04)))
    )
    (pad 2 smd roundrect (at 0.48 0) (size 0.56 0.62) (layers F.Cu F.Paste F.Mask) (roundrect_rratio 0.25)
      (net 5 "Net-(C6-Pad2)"))
    (pad 1 smd roundrect (at -0.48 0) (size 0.56 0.62) (layers F.Cu F.Paste F.Mask) (roundrect_rratio 0.25)
      (net 3 VDD_GPU))
    (model ${KISYS3DMOD}/Capacitor_SMD.3dshapes/C_0402_1005Metric.wrl
      (at (xyz 0 0 0))
      (scale (xyz 1 1 1))
      (rotate (xyz 0 0 0))
    )
  )

  (module Capacitor_SMD:C_0402_1005Metric (layer F.Cu) (tedit 5F68FEEE) (tstamp 61B7F432)
    (at 41.929001 175.801001)
    (descr "Capacitor SMD 0402 (1005 Metric), square (rectangular) end terminal, IPC_7351 nominal, (Body size source: IPC-SM-782 page 76, https://www.pcb-3d.com/wordpress/wp-content/uploads/ipc-sm-782a_amendment_1_and_2.pdf), generated with kicad-footprint-generator")
    (tags capacitor)
    (path /61C96F04/6220DD3D)
    (attr smd)
    (fp_text reference C10 (at 0 -1.16) (layer F.SilkS)
      (effects (font (size 1 1) (thickness 0.15)))
    )
    (fp_text value 4.7uF (at 0 1.16) (layer F.Fab)
      (effects (font (size 1 1) (thickness 0.15)))
    )
    (fp_line (start 0.91 0.46) (end -0.91 0.46) (layer F.CrtYd) (width 0.05))
    (fp_line (start 0.91 -0.46) (end 0.91 0.46) (layer F.CrtYd) (width 0.05))
    (fp_line (start -0.91 -0.46) (end 0.91 -0.46) (layer F.CrtYd) (width 0.05))
    (fp_line (start -0.91 0.46) (end -0.91 -0.46) (layer F.CrtYd) (width 0.05))
    (fp_line (start -0.107836 0.36) (end 0.107836 0.36) (layer F.SilkS) (width 0.12))
    (fp_line (start -0.107836 -0.36) (end 0.107836 -0.36) (layer F.SilkS) (width 0.12))
    (fp_line (start 0.5 0.25) (end -0.5 0.25) (layer F.Fab) (width 0.1))
    (fp_line (start 0.5 -0.25) (end 0.5 0.25) (layer F.Fab) (width 0.1))
    (fp_line (start -0.5 -0.25) (end 0.5 -0.25) (layer F.Fab) (width 0.1))
    (fp_line (start -0.5 0.25) (end -0.5 -0.25) (layer F.Fab) (width 0.1))
    (fp_text user %R (at 0 0) (layer F.Fab)
      (effects (font (size 0.25 0.25) (thickness 0.04)))
    )
    (pad 2 smd roundrect (at 0.48 0) (size 0.56 0.62) (layers F.Cu F.Paste F.Mask) (roundrect_rratio 0.25)
      (net 2 GND))
    (pad 1 smd roundrect (at -0.48 0) (size 0.56 0.62) (layers F.Cu F.Paste F.Mask) (roundrect_rratio 0.25)
      (net 6 VDD_CPU))
    (model ${KISYS3DMOD}/Capacitor_SMD.3dshapes/C_0402_1005Metric.wrl
      (at (xyz 0 0 0))
      (scale (xyz 1 1 1))
      (rotate (xyz 0 0 0))
    )
  )

  (module Capacitor_SMD:C_0402_1005Metric (layer F.Cu) (tedit 5F68FEEE) (tstamp 61B7F443)
    (at 44.799001 171.861001)
    (descr "Capacitor SMD 0402 (1005 Metric), square (rectangular) end terminal, IPC_7351 nominal, (Body size source: IPC-SM-782 page 76, https://www.pcb-3d.com/wordpress/wp-content/uploads/ipc-sm-782a_amendment_1_and_2.pdf), generated with kicad-footprint-generator")
    (tags capacitor)
    (path /61C96F04/6222B7B2)
    (attr smd)
    (fp_text reference C11 (at 0 -1.16) (layer F.SilkS)
      (effects (font (size 1 1) (thickness 0.15)))
    )
    (fp_text value 100nF (at 0 1.16) (layer F.Fab)
      (effects (font (size 1 1) (thickness 0.15)))
    )
    (fp_line (start -0.5 0.25) (end -0.5 -0.25) (layer F.Fab) (width 0.1))
    (fp_line (start -0.5 -0.25) (end 0.5 -0.25) (layer F.Fab) (width 0.1))
    (fp_line (start 0.5 -0.25) (end 0.5 0.25) (layer F.Fab) (width 0.1))
    (fp_line (start 0.5 0.25) (end -0.5 0.25) (layer F.Fab) (width 0.1))
    (fp_line (start -0.107836 -0.36) (end 0.107836 -0.36) (layer F.SilkS) (width 0.12))
    (fp_line (start -0.107836 0.36) (end 0.107836 0.36) (layer F.SilkS) (width 0.12))
